     T     K      C_req      C_eff          N   Score           Gain           Cost      G/C    Verdict
-------------------------------------------------------------------------------------------------------
    10    50    100,000     63,397        100   6,340      3,169,838  1,578,000,000   0.0020 unprofitable
    10    50  1,000,000     63,397        100   6,340      3,169,838  1,578,000,000   0.0020 unprofitable
    10   100    100,000     63,397        100   6,340      6,339,677  1,578,000,000   0.0040 unprofitable
    10   100  1,000,000     63,397        100   6,340      6,339,677  1,578,000,000   0.0040 unprofitable
    50    50    100,000     99,343        100   9,934      4,967,148  1,578,000,000   0.0031 unprofitable
    50    50  1,000,000     99,343        100   9,934      4,967,148  1,578,000,000   0.0031 unprofitable
    50   100    100,000     99,343        100   9,934      9,934,295  1,578,000,000   0.0063 unprofitable
    50   100  1,000,000     99,343        100   9,934      9,934,295  1,578,000,000   0.0063 unprofitable
   100    50    100,000     99,996        100  10,000      4,999,784  1,578,000,000   0.0032 unprofitable
   100    50  1,000,000     99,996        100  10,000      4,999,784  1,578,000,000   0.0032 unprofitable
   100   100    100,000     99,996        100  10,000      9,999,568  1,578,000,000   0.0063 unprofitable
   100   100  1,000,000     99,996        100  10,000      9,999,568  1,578,000,000   0.0063 unprofitable
   500    50    100,000    100,000        100  10,000      5,000,000  1,578,000,000   0.0032 unprofitable
   500    50  1,000,000    100,000        100  10,000      5,000,000  1,578,000,000   0.0032 unprofitable
   500   100    100,000    100,000        100  10,000     10,000,000  1,578,000,000   0.0063 unprofitable
   500   100  1,000,000    100,000        100  10,000     10,000,000  1,578,000,000   0.0063 unprofitable
  1000    50    100,000    100,000        100  10,000      5,000,000  1,578,000,000   0.0032 unprofitable
  1000    50  1,000,000    100,000        100  10,000      5,000,000  1,578,000,000   0.0032 unprofitable
  1000   100    100,000    100,000        100  10,000     10,000,000  1,578,000,000   0.0063 unprofitable
  1000   100  1,000,000    100,000        100  10,000     10,000,000  1,578,000,000   0.0063 unprofitable